place(11.903, 0.973, 24.251, "Cowboy", 750)
upgrade(11.903, 2.323, 24.251, 250)
upgrade(11.903, 2.323, 24.251, 557)
place(11.809, 0.975, 27.499, "Cowboy", 916)
upgrade(11.809, 2.325, 27.499, 416)
upgrade(11.809, 2.325, 27.499, 649)
place(11.600, 0.977, 30.565, "Cowboy", 777)
upgrade(11.600, 2.327, 30.565, 277)
upgrade(11.600, 2.327, 30.565, 1188)
place(14.974, 0.977, 24.074, "Cowboy", 820)
upgrade(14.974, 2.327, 24.074, 320)
upgrade(14.974, 2.327, 24.074, 720)
place(15.590, 0.981, 28.091, "Cowboy", 1222)
upgrade(15.590, 2.331, 28.091, 742)
upgrade(15.590, 2.331, 28.091, 592)
place(14.645, 0.982, 31.084, "Cowboy", 822)
upgrade(14.645, 2.332, 31.084, 441)
upgrade(14.645, 2.332, 31.084, 1513)
place(8.898, 0.969, 24.338, "Cowboy", 1197)
upgrade(8.898, 2.319, 24.338, 716)
upgrade(8.898, 2.319, 24.338, 607)
place(8.779, 0.971, 27.638, "Cowboy", 1057)
upgrade(8.779, 2.321, 27.638, 657)
upgrade(8.779, 2.321, 27.638, 1677)
place(8.592, 0.974, 30.760, "Cowboy", 1388)
upgrade(8.592, 2.324, 30.760, 888)
upgrade(8.592, 2.324, 30.760, 738)
place(10.382, 0.969, 21.492, "Cowboy", 798)
upgrade(10.382, 2.319, 21.492, 509)
upgrade(10.382, 2.319, 21.492, 744)
upgrade(10.382, 2.319, 21.492, 1899)
upgrade(10.382, 2.319, 21.492, 3890)
upgrade(8.898, 2.319, 24.338, 1141)
upgrade(8.898, 2.319, 24.338, 4384)
upgrade(8.779, 2.321, 27.638, 1894)
upgrade(8.779, 2.321, 27.638, 4572)
upgrade(8.592, 2.324, 30.760, 1939)
upgrade(8.592, 2.324, 30.760, 3503)
upgrade(11.903, 2.323, 24.251, 3344)
upgrade(11.903, 2.323, 24.251, 3438)
upgrade(11.809, 2.325, 27.499, 2435)
upgrade(11.809, 2.325, 27.499, 3913)
upgrade(11.600, 2.327, 30.565, 2033)
upgrade(11.600, 2.327, 30.565, 3897)
upgrade(14.974, 2.327, 24.074, 3095)
upgrade(14.974, 2.327, 24.074, 5192)
upgrade(15.590, 2.331, 28.091, 2640)
upgrade(15.590, 2.331, 28.091, 3849)
upgrade(14.645, 2.332, 31.084, 2659)
upgrade(14.645, 2.332, 31.084, 4359)
upgrade(10.382, 2.319, 21.492, 7218)
upgrade(8.898, 2.319, 24.338, 6338)
upgrade(8.779, 2.321, 27.638, 7407)
upgrade(8.592, 2.324, 30.760, 5866)
upgrade(11.903, 2.323, 24.251, 7727)
upgrade(11.809, 2.325, 27.499, 7602)
upgrade(11.600, 2.327, 30.565, 7722)
upgrade(14.974, 2.327, 24.074, 6359)
upgrade(15.590, 2.331, 28.091, 6914)
upgrade(14.645, 2.332, 31.084, 6753)
place(2.544, 4.968, 5.311, "Ranger", 10820)
place(5.877, 4.527, 6.640, "Ranger", 6320)
place(2.926, 4.710, 1.912, "Ranger", 5737)
place(6.127, 4.486, 3.359, "Ranger", 5251)
upgrade(6.127, 5.836, 3.359, 4752)
upgrade(5.877, 5.877, 6.640, 8452)
upgrade(2.926, 6.060, 1.912, 8114)
upgrade(2.544, 6.318, 5.311, 9036)
upgrade(6.127, 5.836, 3.359, 8540)
upgrade(6.127, 5.836, 3.359, 15852)
upgrade(5.877, 5.877, 6.640, 7361)
upgrade(2.926, 6.060, 1.912, 8511)
upgrade(2.544, 6.318, 5.311, 7828)
place(9.296, 4.211, 2.891, "Ranger", 10470)
upgrade(9.296, 5.561, 2.891, 8467)
upgrade(9.296, 5.561, 2.891, 11140)
upgrade(9.296, 5.561, 2.891, 14340)
place(9.083, 0.916, 13.873, "Accelerator", 9740)
upgrade(9.083, 2.266, 13.873, 5578)
upgrade(9.083, 2.266, 13.873, 4927)
upgrade(9.083, 2.266, 13.873, 5554)
upgrade(9.083, 2.266, 13.873, 15068)
upgrade(5.877, 5.877, 6.640, 14699)
upgrade(2.544, 6.318, 5.311, 15124)
upgrade(2.926, 6.060, 1.912, 15524)
upgrade(9.083, 2.266, 13.873, 40334)
place(29.018, 0.988, 13.757, "Military Base", 11360)
upgrade(29.018, 0.988, 13.757, 12797)
upgrade(29.018, 0.988, 13.757, 12797)
upgrade(29.018, 0.988, 13.757, 15997)
upgrade(29.018, 0.988, 13.757, 14397)
place(34.206, 0.993, 14.328, "Military Base", 6897)
upgrade(34.206, 0.993, 14.328, 6497)
upgrade(34.206, 0.993, 14.328, 8876)
upgrade(34.206, 0.993, 14.328, 8485)
place(28.938, 1.000, 8.694, "Military Base", 8883)
upgrade(28.938, 1.000, 8.694, 9761)
upgrade(28.938, 1.000, 8.694, 9561)
upgrade(28.938, 1.000, 8.694, 9161)
place(33.458, 0.990, 8.659, "Military Base", 11661)
upgrade(33.458, 0.990, 8.659, 16391)
upgrade(33.458, 0.990, 8.659, 16303)
upgrade(33.458, 0.990, 8.659, 18269)
place(28.988, 0.980, 3.739, "Military Base", 16753)
upgrade(28.988, 0.980, 3.739, 16353)
upgrade(28.988, 0.980, 3.739, 20897)
upgrade(28.988, 0.980, 3.739, 20503)
upgrade(33.458, 0.990, 8.659, 23237)
upgrade(28.938, 1.000, 8.694, 18903)
upgrade(28.988, 0.980, 3.739, 14153)
upgrade(34.206, 0.993, 14.328, 10503)
place(5.663, 0.908, 13.781, "Accelerator", 17701)
upgrade(5.663, 2.258, 13.781, 15648)
upgrade(5.663, 2.258, 13.781, 16898)
upgrade(5.663, 2.258, 13.781, 14401)
upgrade(5.663, 2.258, 13.781, 13501)
upgrade(5.663, 2.258, 13.781, 40750)
place(12.487, 0.932, 13.897, "Warlock", 17500)
upgrade(12.487, 2.282, 13.897, 13700)
upgrade(12.487, 2.282, 13.897, 12199)
upgrade(12.487, 2.282, 13.897, 14150)
place(8.843, 4.351, 7.532, "Ranger", 16932)
upgrade(8.843, 5.701, 7.532, 13291)
upgrade(8.843, 5.701, 7.532, 11791)
upgrade(8.843, 5.701, 7.532, 19291)
upgrade(12.487, 2.282, 13.897, 30491)
place(12.317, 4.056, 8.556, "Ranger", 15835)
upgrade(12.317, 5.406, 8.556, 11335)
upgrade(12.317, 5.406, 8.556, 9835)
upgrade(12.487, 2.282, 13.897, 33753)
upgrade(12.317, 5.406, 8.556, 20883)
place(12.849, 0.944, 10.810, "Warlock", 24031)
upgrade(12.849, 2.294, 10.810, 20009)
upgrade(12.849, 2.294, 10.810, 17889)
upgrade(12.849, 2.294, 10.810, 18231)
upgrade(9.296, 5.561, 2.891, 33225)
upgrade(12.849, 2.294, 10.810, 20156)
upgrade(12.849, 2.294, 10.810, 37852)
upgrade(29.018, 0.988, 13.757, 31397)
place(9.480, 0.928, 10.704, "Accelerator", 10559)
upgrade(9.480, 2.278, 10.704, 7490)
upgrade(9.480, 2.278, 10.704, 6509)
upgrade(9.480, 2.278, 10.704, 3994)
upgrade(9.480, 2.278, 10.704, 14316)
upgrade(9.480, 2.278, 10.704, 48176)
place(6.363, 0.913, 10.805, "Accelerator", 12176)
upgrade(6.363, 2.263, 10.805, 7676)
upgrade(6.363, 2.263, 10.805, 11070)
upgrade(6.363, 2.263, 10.805, 9887)
upgrade(6.363, 2.263, 10.805, 23777)
upgrade(6.363, 2.263, 10.805, 41938)
place(2.508, 0.921, 13.624, "Accelerator", 18825)
upgrade(2.508, 2.271, 13.624, 14325)
upgrade(2.508, 2.271, 13.624, 13325)
upgrade(2.508, 2.271, 13.624, 11595)
upgrade(2.508, 2.271, 13.624, 19175)
upgrade(2.508, 2.271, 13.624, 37275)
place(3.189, 0.904, 10.139, "Accelerator", 10625)
upgrade(3.189, 2.254, 10.139, 6125)
upgrade(3.189, 2.254, 10.139, 5125)
upgrade(3.189, 2.254, 10.139, 8466)
upgrade(3.189, 2.254, 10.139, 17557)
upgrade(3.189, 2.254, 10.139, 45000)
place(15.682, 0.947, 13.924, "Warlock", 28764)
place(15.986, 0.960, 10.552, "Warlock", 28564)
place(0.833, 0.918, 7.202, "Accelerator", 26364)
place(0.128, 0.910, 10.191, "Accelerator", 23864)
upgrade(33.458, 0.990, 8.659, 27416)
upgrade(28.938, 1.000, 8.694, 29311)
upgrade(28.988, 0.980, 3.739, 35718)
upgrade(34.206, 0.993, 14.328, 35018)
upgrade(15.682, 2.297, 13.924, 20571)
upgrade(15.682, 2.297, 13.924, 22217)
upgrade(15.682, 2.297, 13.924, 28065)
upgrade(15.682, 2.297, 13.924, 22540)
upgrade(15.682, 2.297, 13.924, 34386)
upgrade(15.986, 2.310, 10.552, 14086)
upgrade(15.986, 2.310, 10.552, 11586)
upgrade(15.986, 2.310, 10.552, 16336)
upgrade(15.986, 2.310, 10.552, 28732)
upgrade(15.986, 2.310, 10.552, 34436)
upgrade(0.833, 2.268, 7.202, 23936)
upgrade(0.833, 2.268, 7.202, 22936)
upgrade(0.833, 2.268, 7.202, 20436)
upgrade(0.833, 2.268, 7.202, 24436)
upgrade(0.128, 2.260, 10.191, 28330)
upgrade(0.128, 2.260, 10.191, 28822)
upgrade(0.128, 2.260, 10.191, 23327)
upgrade(0.128, 2.260, 10.191, 23264)
upgrade(0.128, 2.260, 10.191, 40230)
upgrade(0.833, 2.268, 7.202, 47625)
upgrade(2.926, 6.060, 1.912, 43225)
upgrade(2.544, 6.318, 5.311, 44286)
upgrade(6.127, 5.836, 3.359, 37923)
upgrade(5.877, 5.877, 6.640, 35489)
upgrade(8.843, 5.701, 7.532, 35189)
upgrade(12.317, 5.406, 8.556, 45949)
